12:22 AM

Yay... VMD will give me a list of residues based on a selection.  

I couldn't do that for the binding site because the criterion to 
use was "looks to Lachele like part of the binding site".

Now that I have a binding site, though, I can get the selection of 
residues near it.

In the VMD Tk Console, the syntax is:

set sel [ atomselect top " (not resid 1) and within 10 of resid 1" ]    
$sel get residue

This gives a sorted list of residue IDs.

First, get a list of the resids in my binding site:


set sel [ atomselect top " resid 19 to 23 34 to 42 44 to 46 48 50 114 115 136 to 142 158 to 173 177 to 179 181 to 188 " ]

$sel get residue
18 18 18 18 18 18 18 19 19 19 19 19 19 19 19 19 19 19 19 19 19 20 20 20 20 20 20 20 20 20 20 20 20 20 20 21 21 21 21 21 21 21 21 21 21 21 21 21 21 22 22 22 22 22 22 22 22 22 22 22 22 22 22 22 22 22 22 22 33 33 33 33 33 33 33 33 33 33 33 34 34 34 34 34 34 34 34 34 34 34 34 34 34 35 35 35 35 35 35 35 35 35 35 35 35 35 35 35 35 35 35 35 35 35 35 35 35 36 36 36 36 36 36 36 36 36 36 36 36 36 36 36 36 36 37 37 37 37 37 37 37 37 37 37 37 37 37 37 37 37 38 38 38 38 38 38 38 38 38 38 38 38 38 38 38 38 38 38 38 39 39 39 39 39 39 39 39 39 39 39 40 40 40 40 40 40 40 40 40 40 40 40 40 40 41 41 41 41 41 41 41 41 41 41 41 43 43 43 43 43 43 43 43 43 43 43 43 44 44 44 44 44 44 44 44 44 44 44 44 44 44 44 44 44 45 45 45 45 45 45 45 45 45 45 45 45 45 45 45 45 45 45 45 47 47 47 47 47 47 47 47 47 47 47 47 47 47 49 49 49 49 49 49 49 49 49 49 49 49 49 49 49 49 49 49 49 49 49 113 113 113 113 113 113 113 113 113 113 113 113 113 113 113 113 113 113 113 113 113 114 114 114 114 114 114 114 114 114 114 114 114 114 114 135 135 135 135 135 135 135 135 135 135 135 135 135 135 135 135 135 135 135 135 136 136 136 136 136 136 136 136 136 136 136 136 136 136 136 136 136 136 136 137 137 137 137 137 137 137 137 137 137 137 137 137 137 138 138 138 138 138 138 138 139 139 139 139 139 139 139 139 139 139 139 140 140 140 140 140 140 140 140 140 140 140 141 141 141 141 141 141 141 157 157 157 157 157 157 157 157 157 157 157 157 157 157 157 157 157 158 158 158 158 158 158 158 158 158 158 158 158 158 158 158 158 158 159 159 159 159 159 159 159 159 159 159 159 159 159 159 159 159 159 160 160 160 160 160 160 160 160 160 160 160 160 160 160 160 160 160 161 161 161 161 161 161 161 161 161 161 161 161 161 161 161 162 162 162 162 162 162 162 162 162 162 162 162 162 162 162 162 162 162 162 163 163 163 163 163 163 163 163 163 163 163 163 163 163 164 164 164 164 164 164 164 164 164 164 164 164 164 164 165 165 165 165 165 165 165 166 166 166 166 166 166 166 166 166 166 166 166 166 166 166 166 167 167 167 167 167 167 167 167 167 167 167 167 167 167 167 167 167 168 168 168 168 168 168 168 168 168 168 169 169 169 169 169 169 169 170 170 170 170 170 170 170 170 170 170 170 170 170 170 171 171 171 171 171 171 171 171 171 171 171 171 172 172 172 172 172 172 172 172 172 172 172 172 172 172 172 172 172 172 172 176 176 176 176 176 176 176 176 176 176 176 176 176 176 176 176 176 176 176 176 177 177 177 177 177 177 177 177 177 177 177 177 177 177 177 177 177 177 177 177 177 178 178 178 178 178 178 178 180 180 180 180 180 180 180 180 180 180 180 180 180 180 180 180 180 180 180 180 181 181 181 181 181 181 181 181 181 181 181 181 181 181 181 181 182 182 182 182 182 182 182 182 182 182 182 182 183 183 183 183 183 183 183 183 183 183 183 183 183 183 183 183 183 183 183 183 183 183 183 183 184 184 184 184 184 184 184 184 184 184 184 184 184 184 184 184 184 185 185 185 185 185 185 185 185 185 185 185 185 185 185 186 186 186 186 186 186 186 186 186 186 187 187 187 187 187 187 187 187 187 187 187 187 187 187 187 187 187


Then:


lachele@pop-os:~$ echo "18 18 18 18 18 18 18 19 19 19 19 19 19 19 19 19 19 19 19 19 19 20 20 20 20 20 20 20 20 20 20 20 20 20 20 21 21 21 21 21 21 21 21 21 21 21 21 21 21 22 22 22 22 22 22 22 22 22 22 22 22 22 22 22 22 22 22 22 33 33 33 33 33 33 33 33 33 33 33 34 34 34 34 34 34 34 34 34 34 34 34 34 34 35 35 35 35 35 35 35 35 35 35 35 35 35 35 35 35 35 35 35 35 35 35 35 35 36 36 36 36 36 36 36 36 36 36 36 36 36 36 36 36 36 37 37 37 37 37 37 37 37 37 37 37 37 37 37 37 37 38 38 38 38 38 38 38 38 38 38 38 38 38 38 38 38 38 38 38 39 39 39 39 39 39 39 39 39 39 39 40 40 40 40 40 40 40 40 40 40 40 40 40 40 41 41 41 41 41 41 41 41 41 41 41 43 43 43 43 43 43 43 43 43 43 43 43 44 44 44 44 44 44 44 44 44 44 44 44 44 44 44 44 44 45 45 45 45 45 45 45 45 45 45 45 45 45 45 45 45 45 45 45 47 47 47 47 47 47 47 47 47 47 47 47 47 47 49 49 49 49 49 49 49 49 49 49 49 49 49 49 49 49 49 49 49 49 49 113 113 113 113 113 113 113 113 113 113 113 113 113 113 113 113 113 113 113 113 113 114 114 114 114 114 114 114 114 114 114 114 114 114 114 135 135 135 135 135 135 135 135 135 135 135 135 135 135 135 135 135 135 135 135 136 136 136 136 136 136 136 136 136 136 136 136 136 136 136 136 136 136 136 137 137 137 137 137 137 137 137 137 137 137 137 137 137 138 138 138 138 138 138 138 139 139 139 139 139 139 139 139 139 139 139 140 140 140 140 140 140 140 140 140 140 140 141 141 141 141 141 141 141 157 157 157 157 157 157 157 157 157 157 157 157 157 157 157 157 157 158 158 158 158 158 158 158 158 158 158 158 158 158 158 158 158 158 159 159 159 159 159 159 159 159 159 159 159 159 159 159 159 159 159 160 160 160 160 160 160 160 160 160 160 160 160 160 160 160 160 160 161 161 161 161 161 161 161 161 161 161 161 161 161 161 161 162 162 162 162 162 162 162 162 162 162 162 162 162 162 162 162 162 162 162 163 163 163 163 163 163 163 163 163 163 163 163 163 163 164 164 164 164 164 164 164 164 164 164 164 164 164 164 165 165 165 165 165 165 165 166 166 166 166 166 166 166 166 166 166 166 166 166 166 166 166 167 167 167 167 167 167 167 167 167 167 167 167 167 167 167 167 167 168 168 168 168 168 168 168 168 168 168 169 169 169 169 169 169 169 170 170 170 170 170 170 170 170 170 170 170 170 170 170 171 171 171 171 171 171 171 171 171 171 171 171 172 172 172 172 172 172 172 172 172 172 172 172 172 172 172 172 172 172 172 176 176 176 176 176 176 176 176 176 176 176 176 176 176 176 176 176 176 176 176 177 177 177 177 177 177 177 177 177 177 177 177 177 177 177 177 177 177 177 177 177 178 178 178 178 178 178 178 180 180 180 180 180 180 180 180 180 180 180 180 180 180 180 180 180 180 180 180 181 181 181 181 181 181 181 181 181 181 181 181 181 181 181 181 182 182 182 182 182 182 182 182 182 182 182 182 183 183 183 183 183 183 183 183 183 183 183 183 183 183 183 183 183 183 183 183 183 183 183 183 184 184 184 184 184 184 184 184 184 184 184 184 184 184 184 184 184 185 185 185 185 185 185 185 185 185 185 185 185 185 185 186 186 186 186 186 186 186 186 186 186 187 187 187 187 187 187 187 187 187 187 187 187 187 187 187 187 187" | tr ' ' '\n' | uniq
18
19
20
21
22
33
34
35
36
37
38
39
40
41
43
44
45
47
49
113
114
135
136
137
138
139
140
141
157
158
159
160
161
162
163
164
165
166
167
168
169
170
171
172
176
177
178
180
181
182
183
184
185
186
187


Noting that the resids are all off by one from the resids as they were input....  I copy that
into a file "6lu7_binding_region_residues_minus-1.txt"


Next, to get the atoms within 5 of the binding region:


set sel [ atomselect top " ( not resid 19 to 23 34 to 42 44 to 46 48 50 114 115 136 to 142 158 to 173 177 to 179 181 to 188 ) and within 5 of resid 19 to 23 34 to 42 44 to 46 48 50 114 115 136 to 142 158 to 173 177 to 179 181 to 188 " ]
$sel get residue



That looks like:


>Main< (7_MD_Input_Files) 45 % set sel [ atomselect top " ( not resid 19 to 23 34 to 42 44 to 46 48 50 114 115 136 to 142 158 to 173 177 to 179 181 to 188 ) and within 5 of resid 19 to 23 34 to 42 44 to 46 48 50 114 115 136 to 142 158 to 173 177 to 179 181 to 188 " ]

atomselect12
>Main< (7_MD_Input_Files) 46 % $sel get residue
0 0 0 0 0 0 0 0 0 0 0 0 0 0 0 0 0 0 0 0 0 0 0 0 0 0 0 0 0 0 0 0 0 0 12 12 12 12 12 13 13 14 14 14 14 14 14 14 14 14 14 14 14 14 14 14 14 15 15 15 15 15 15 15 15 15 15 15 15 15 15 15 15 16 16 16 16 16 16 16 16 16 16 16 16 16 16 17 17 17 17 17 17 17 17 17 17 17 23 23 23 23 23 23 23 23 23 23 23 23 23 23 24 24 24 24 24 24 25 25 25 25 25 25 25 25 25 25 25 25 25 27 27 31 31 31 31 31 31 32 32 32 32 32 32 32 32 32 32 32 32 32 32 32 32 32 32 42 42 42 42 42 42 42 42 42 42 42 42 46 46 46 46 46 46 46 46 46 46 46 46 46 46 48 48 48 48 48 48 48 48 48 48 48 48 50 50 50 50 50 50 50 50 50 50 50 50 50 51 51 51 51 51 51 52 52 52 52 52 52 52 52 52 52 52 52 52 52 52 52 52 52 52 53 53 53 53 53 53 53 53 53 53 53 53 53 53 53 54 54 56 56 56 56 56 56 56 56 56 56 56 56 56 56 60 60 60 60 61 61 61 61 61 61 61 61 61 62 77 77 77 77 77 77 77 77 77 77 78 79 79 79 79 79 80 80 80 80 80 80 80 80 80 80 80 81 81 81 81 81 81 81 81 81 81 81 81 81 81 81 81 82 82 82 82 82 82 82 82 82 82 82 82 82 82 82 82 82 83 83 83 84 84 84 84 84 84 84 98 98 98 98 98 98 98 98 98 98 98 98 98 98 98 98 98 99 99 99 99 99 100 100 100 100 100 100 100 100 100 100 100 100 100 100 100 100 100 100 100 100 100 100 100 100 101 101 101 101 101 101 101 101 101 101 101 101 101 101 101 101 101 101 101 102 102 103 107 109 109 109 109 109 109 109 109 109 109 110 110 111 111 111 111 111 111 111 111 111 112 112 112 112 112 112 112 112 112 112 115 115 115 115 115 115 115 116 116 116 116 116 116 116 116 116 116 117 117 117 117 118 118 118 118 118 118 118 118 121 121 121 121 121 121 123 125 125 125 125 125 125 125 126 128 128 128 128 128 128 129 129 129 129 129 129 129 129 129 129 129 129 129 129 129 129 129 129 130 130 130 130 130 130 130 130 130 130 130 130 130 130 131 131 131 131 131 131 131 131 131 131 131 131 131 131 131 131 131 132 132 132 132 132 132 132 132 132 132 132 132 132 132 132 132 133 133 133 133 133 133 133 134 134 134 134 134 134 134 134 134 134 134 142 142 142 142 142 142 142 142 142 142 142 143 143 143 143 143 143 143 143 143 143 143 143 143 144 144 144 154 154 154 154 154 154 154 154 154 154 154 154 154 155 155 155 155 155 155 155 155 155 156 156 156 156 156 156 156 156 156 156 156 156 156 156 156 156 156 156 156 156 156 173 173 173 173 173 173 173 173 173 173 173 173 173 173 174 174 174 174 174 174 174 175 175 175 175 175 175 175 175 175 175 175 175 175 175 179 179 179 179 179 179 179 179 179 179 179 179 179 179 188 188 188 188 188 188 188 188 188 188 189 189 189 189 189 189 189 189 189 190 190

I uniq that and run it into a file:  

echo "0 0 0 0 0 0 0 0 0 0 0 0 0 0 0 0 0 0 0 0 0 0 0 0 0 0 0 0 0 0 0 0 0 0 12 12 12 12 12 13 13 14 14 14 14 14 14 14 14 14 14 14 14 14 14 14 14 15 15 15 15 15 15 15 15 15 15 15 15 15 15 15 15 16 16 16 16 16 16 16 16 16 16 16 16 16 16 17 17 17 17 17 17 17 17 17 17 17 23 23 23 23 23 23 23 23 23 23 23 23 23 23 24 24 24 24 24 24 25 25 25 25 25 25 25 25 25 25 25 25 25 27 27 31 31 31 31 31 31 32 32 32 32 32 32 32 32 32 32 32 32 32 32 32 32 32 32 42 42 42 42 42 42 42 42 42 42 42 42 46 46 46 46 46 46 46 46 46 46 46 46 46 46 48 48 48 48 48 48 48 48 48 48 48 48 50 50 50 50 50 50 50 50 50 50 50 50 50 51 51 51 51 51 51 52 52 52 52 52 52 52 52 52 52 52 52 52 52 52 52 52 52 52 53 53 53 53 53 53 53 53 53 53 53 53 53 53 53 54 54 56 56 56 56 56 56 56 56 56 56 56 56 56 56 60 60 60 60 61 61 61 61 61 61 61 61 61 62 77 77 77 77 77 77 77 77 77 77 78 79 79 79 79 79 80 80 80 80 80 80 80 80 80 80 80 81 81 81 81 81 81 81 81 81 81 81 81 81 81 81 81 82 82 82 82 82 82 82 82 82 82 82 82 82 82 82 82 82 83 83 83 84 84 84 84 84 84 84 98 98 98 98 98 98 98 98 98 98 98 98 98 98 98 98 98 99 99 99 99 99 100 100 100 100 100 100 100 100 100 100 100 100 100 100 100 100 100 100 100 100 100 100 100 100 101 101 101 101 101 101 101 101 101 101 101 101 101 101 101 101 101 101 101 102 102 103 107 109 109 109 109 109 109 109 109 109 109 110 110 111 111 111 111 111 111 111 111 111 112 112 112 112 112 112 112 112 112 112 115 115 115 115 115 115 115 116 116 116 116 116 116 116 116 116 116 117 117 117 117 118 118 118 118 118 118 118 118 121 121 121 121 121 121 123 125 125 125 125 125 125 125 126 128 128 128 128 128 128 129 129 129 129 129 129 129 129 129 129 129 129 129 129 129 129 129 129 130 130 130 130 130 130 130 130 130 130 130 130 130 130 131 131 131 131 131 131 131 131 131 131 131 131 131 131 131 131 131 132 132 132 132 132 132 132 132 132 132 132 132 132 132 132 132 133 133 133 133 133 133 133 134 134 134 134 134 134 134 134 134 134 134 142 142 142 142 142 142 142 142 142 142 142 143 143 143 143 143 143 143 143 143 143 143 143 143 144 144 144 154 154 154 154 154 154 154 154 154 154 154 154 154 155 155 155 155 155 155 155 155 155 156 156 156 156 156 156 156 156 156 156 156 156 156 156 156 156 156 156 156 156 156 173 173 173 173 173 173 173 173 173 173 173 173 173 173 174 174 174 174 174 174 174 175 175 175 175 175 175 175 175 175 175 175 175 175 175 179 179 179 179 179 179 179 179 179 179 179 179 179 179 188 188 188 188 188 188 188 188 188 188 189 189 189 189 189 189 189 189 189 190 190" | tr ' ' '\n' | uniq > "6lu7_within_5_of_binding_region_residues_minus-1.txt"


Make sure they are different:

$ sort < 6lu7_within_5_of_binding_region_residues_minus-1.txt > file1
$ sort < 6lu7_binding_region_residues_minus-1.txt > file2
$ comm file1 file2

.... the sorting has to be weird for comm to work, but it shows that they are different


Then, to get a list of all other residues:

These are the residues within 5 of the binding site
for input	from output
1		0  
13 to 18	12 13 14 15 16 17 
24 to 26	23 24 25 
28		27 
32		31 
33		32 
43		42 
47		46 
49		48 
51 to 55	50 51 52 53 54 
57		56 
61 to 63	60 61 62 
78 to 85	77 78 79 80 81 82 83 84 
99 to 104	98 99 100 101 102 103 
108		107 
110 to 113	109 110 111 112 
116 to 119	115 116 117 118 
122		121 
124		123 
126 127		125 126 
129 to 135	128 129 130 131 132 133 134 
143 to 145	142 143 144 
155 to 157	154 155 156 
174 to 176	173 174 175 
180		179 
189 to 191	188 189 190

.... but I don't want gaps of just one or two residues to be 
still among others that can move, 
***AND***
 there cannot be any overlap with the binding site, so:

This will be the 'near' selection:
13 to 18
24 to 28	
32 33	
43 47 49
51 to 57
61 to 63
78 to 85
99 to 104
108 to 113
116 to 119
122 to 135
143 to 145
155 to 157
174 to 176
180
189 to 191

(and I will do the selection, etc and run into a file to ensure I counted my residues properly)

These are the binding site
19 to 23 
34 to 42 
44 to 46 
48 
50 
114 
115 
136 to 142 
158 to 173 
177 to 179 
181 to 188

Putting those together:
The ligand, the binding site and 'near' are:
1  (the ligand)
13 to 28	
32 to 57	
61 to 63
78 to 85
99 to 104
114 115 
108 to 119
122 to 145
155 to 191

These will define 'far', which is everything not those.

set sel [ atomselect top " not ( resid 1 13 to 28  32 to 57  61 to 63  78 to 85  99 to 104  114  115  108 to 119  122 to 145  155 to 191 ) " ]
$sel get residue


>Main< (7_MD_Input_Files) 51 % set sel [ atomselect top " not ( resid 1 13 to 28  32 to 57  61 to 63  78 to 85  99 to 104  114  115  108 to 119  122 to 145  155 to 191 ) " ]

atomselect15
>Main< (7_MD_Input_Files) 52 % $sel get residue
1 1 1 1 1 1 1 1 1 1 1 1 1 1 1 1 1 1 1 2 2 2 2 2 2 2 2 2 2 3 3 3 3 3 3 3 3 3 3 3 3 3 3 3 3 3 3 3 3 4 4 4 4 4 4 4 4 4 4 4 4 4 4 5 5 5 5 5 5 5 5 5 5 5 6 6 6 6 6 6 6 7 7 7 7 7 7 7 7 7 7 7 7 7 7 7 7 7 7 7 7 7 7 8 8 8 8 8 8 8 8 8 8 8 8 8 8 8 8 9 9 9 9 9 9 9 9 9 9 9 9 9 9 9 10 10 10 10 10 10 10 11 11 11 11 11 11 11 11 11 11 11 28 28 28 28 28 28 28 28 28 28 28 28 29 29 29 29 29 29 29 29 29 29 29 29 30 30 30 30 30 30 30 30 30 30 30 30 30 30 30 30 57 57 57 57 57 57 57 57 57 57 57 58 58 58 58 58 58 58 58 58 58 58 58 58 58 59 59 59 59 59 59 59 59 59 59 59 59 59 59 59 59 59 63 63 63 63 63 63 63 63 63 63 63 63 63 63 63 63 64 64 64 64 64 64 64 64 64 64 64 64 64 64 64 64 64 65 65 65 65 65 65 65 65 65 65 66 66 66 66 66 66 66 67 67 67 67 67 67 67 67 67 67 67 67 67 67 68 68 68 68 68 68 68 68 68 68 68 68 68 68 68 68 69 69 69 69 69 69 69 69 69 69 69 69 69 69 69 69 69 70 70 70 70 70 70 70 70 70 70 70 70 70 70 70 70 70 70 70 71 71 71 71 71 71 71 71 71 71 71 71 71 71 71 71 71 71 71 71 71 71 71 71 72 72 72 72 72 72 72 72 72 72 72 72 72 72 72 72 73 73 73 73 73 73 73 73 73 73 73 73 73 73 73 73 73 73 73 74 74 74 74 74 74 74 75 75 75 75 75 75 75 75 75 75 75 75 75 75 75 75 75 76 76 76 76 76 76 76 76 76 76 76 85 85 85 85 85 85 85 85 85 85 85 85 85 85 85 85 85 85 85 85 85 85 86 86 86 86 86 86 86 86 86 86 86 86 86 86 86 86 87 87 87 87 87 87 87 87 87 87 87 87 88 88 88 88 88 88 88 88 88 88 88 88 88 88 89 89 89 89 89 89 89 89 89 89 90 90 90 90 90 90 90 90 90 90 90 90 90 90 91 91 91 91 91 91 91 91 91 91 91 91 91 91 92 92 92 92 92 92 92 92 92 92 92 92 92 92 92 92 92 92 92 92 92 92 93 93 93 93 93 93 93 93 93 93 93 93 93 93 94 94 94 94 94 94 94 94 94 94 94 94 94 94 95 95 95 95 95 95 95 95 95 95 95 95 95 95 95 95 95 95 95 95 95 95 96 96 96 96 96 96 96 96 96 96 96 96 96 96 96 96 96 96 96 96 96 97 97 97 97 97 97 97 97 97 97 97 97 97 97 97 97 97 97 97 97 97 97 104 104 104 104 104 104 104 105 105 105 105 105 105 105 105 105 105 105 105 105 105 105 105 105 106 106 106 106 106 106 106 106 106 106 106 106 106 106 119 119 119 119 119 119 119 120 120 120 120 120 120 120 120 120 120 120 120 120 120 120 120 145 145 145 145 145 145 145 145 145 145 145 145 145 145 145 145 145 145 145 145 146 146 146 146 146 146 146 146 146 146 146 146 146 146 147 147 147 147 147 147 147 147 147 147 147 147 147 147 147 147 147 147 147 148 148 148 148 148 148 148 148 148 148 148 148 149 149 149 149 149 149 149 149 149 149 149 149 149 149 149 149 149 149 149 149 149 150 150 150 150 150 150 150 150 150 150 150 150 151 151 151 151 151 151 151 151 151 151 151 152 152 152 152 152 152 152 152 152 152 152 152 152 152 152 152 153 153 153 153 153 153 153 153 153 153 153 191 191 191 191 191 191 191 191 191 191 191 191 191 191 191


Then, similar echo and uniq to go into 6lu7_far_from_binding_region_residues_minus-1.txt


Here is how I got the final 'near' selection:

set sel [ atomselect top " resid 13 to 18  24 to 28  32  33  43  47 49 51 to 57  61 to 63  78 to 85  99 to 104  108 to 113 116 to 119  122 to 135  143 to 145  155 to 157  174 to 176  180  189 to 191  " ]


>Main< (7_MD_Input_Files) 56 % set sel [ atomselect top " resid 13 to 18  24 to 28  32  33  43  47 49 51 to 57  61 to 63  78 to 85  99 to 104  108 to 113 116 to 119  122 to 135  143 to 145  155 to 157  174 to 176  180  189 to 191  " ]

atomselect17
>Main< (7_MD_Input_Files) 57 % $sel get residue
12 12 12 12 12 12 12 12 12 12 12 12 12 12 12 12 12 13 13 13 13 13 13 13 13 13 13 13 13 13 13 13 13 14 14 14 14 14 14 14 14 14 14 14 14 14 14 14 14 14 15 15 15 15 15 15 15 15 15 15 15 15 15 15 15 15 16 16 16 16 16 16 16 16 16 16 16 16 16 16 17 17 17 17 17 17 17 17 17 17 17 23 23 23 23 23 23 23 23 23 23 23 23 23 23 24 24 24 24 24 24 24 25 25 25 25 25 25 25 25 25 25 25 25 25 25 25 25 25 25 25 26 26 26 26 26 26 26 26 26 26 26 26 26 26 26 26 26 26 26 26 26 26 26 26 27 27 27 27 27 27 27 27 27 27 27 27 27 27 27 27 27 27 27 31 31 31 31 31 31 31 31 31 31 31 31 31 31 31 31 32 32 32 32 32 32 32 32 32 32 32 32 32 32 32 32 32 32 32 32 32 42 42 42 42 42 42 42 42 42 42 42 42 42 42 42 46 46 46 46 46 46 46 46 46 46 46 46 46 46 48 48 48 48 48 48 48 48 48 48 48 48 48 48 50 50 50 50 50 50 50 50 50 50 50 50 50 50 50 51 51 51 51 51 51 51 51 51 51 51 51 52 52 52 52 52 52 52 52 52 52 52 52 52 52 52 52 52 52 52 53 53 53 53 53 53 53 53 53 53 53 53 53 53 53 53 53 53 53 54 54 54 54 54 54 54 54 54 54 54 54 54 54 54 54 54 54 54 55 55 55 55 55 55 55 55 55 55 55 55 55 55 55 55 55 55 55 55 55 55 55 55 56 56 56 56 56 56 56 56 56 56 56 56 56 56 56 56 56 56 56 56 56 56 60 60 60 60 60 60 60 60 60 60 60 60 60 60 61 61 61 61 61 61 61 61 61 61 61 61 61 61 61 61 61 61 61 61 62 62 62 62 62 62 62 62 62 62 62 62 62 62 62 62 62 62 62 77 77 77 77 77 77 77 77 77 77 77 77 77 77 77 77 77 78 78 78 78 78 78 78 78 78 78 78 78 78 78 78 78 78 79 79 79 79 79 79 79 79 79 79 79 79 79 79 80 80 80 80 80 80 80 80 80 80 80 81 81 81 81 81 81 81 81 81 81 81 81 81 81 81 81 82 82 82 82 82 82 82 82 82 82 82 82 82 82 82 82 82 82 82 83 83 83 83 83 83 83 83 83 83 83 83 83 83 83 83 83 83 83 83 83 83 84 84 84 84 84 84 84 84 84 84 84 84 84 84 84 84 84 84 84 98 98 98 98 98 98 98 98 98 98 98 98 98 98 98 98 98 98 98 98 99 99 99 99 99 99 99 99 99 99 99 99 99 99 99 99 100 100 100 100 100 100 100 100 100 100 100 100 100 100 100 100 100 100 100 100 100 100 100 100 101 101 101 101 101 101 101 101 101 101 101 101 101 101 101 101 101 101 101 102 102 102 102 102 102 102 102 102 102 102 102 102 102 102 102 102 103 103 103 103 103 103 103 103 103 103 103 103 103 103 107 107 107 107 107 107 107 107 107 107 107 107 107 107 107 107 107 107 107 107 108 108 108 108 108 108 108 108 108 108 108 109 109 109 109 109 109 109 109 109 109 109 109 109 109 109 109 110 110 110 110 110 110 110 110 110 110 110 110 110 110 110 110 110 110 110 111 111 111 111 111 111 111 111 111 111 112 112 112 112 112 112 112 112 112 112 112 115 115 115 115 115 115 115 116 116 116 116 116 116 116 116 116 116 116 117 117 117 117 117 117 117 117 117 117 117 117 117 117 118 118 118 118 118 118 118 118 118 118 118 121 121 121 121 121 121 121 121 121 121 121 121 121 121 121 121 121 121 121 121 121 122 122 122 122 122 122 122 122 122 122 122 122 122 122 122 122 122 123 123 123 123 123 123 123 123 123 123 123 124 124 124 124 124 124 124 124 124 124 125 125 125 125 125 125 125 125 125 125 125 125 125 125 125 125 125 126 126 126 126 126 126 126 126 126 126 126 126 126 126 126 126 126 126 126 126 126 126 126 126 127 127 127 127 127 127 127 127 127 127 127 127 127 127 128 128 128 128 128 128 128 128 128 128 128 128 128 128 129 129 129 129 129 129 129 129 129 129 129 129 129 129 129 129 129 129 129 129 130 130 130 130 130 130 130 130 130 130 130 130 130 130 131 131 131 131 131 131 131 131 131 131 131 131 131 131 131 131 131 131 131 132 132 132 132 132 132 132 132 132 132 132 132 132 132 132 132 132 132 132 132 132 132 133 133 133 133 133 133 133 134 134 134 134 134 134 134 134 134 134 134 142 142 142 142 142 142 142 142 142 142 142 143 143 143 143 143 143 143 143 143 143 143 143 143 143 143 143 144 144 144 144 144 144 144 154 154 154 154 154 154 154 154 154 154 154 154 154 154 154 154 154 154 154 154 155 155 155 155 155 155 155 155 155 155 155 156 156 156 156 156 156 156 156 156 156 156 156 156 156 156 156 156 156 156 156 156 173 173 173 173 173 173 173 173 173 173 173 173 173 173 173 174 174 174 174 174 174 174 175 175 175 175 175 175 175 175 175 175 175 175 175 175 179 179 179 179 179 179 179 179 179 179 179 179 179 179 188 188 188 188 188 188 188 188 188 188 189 189 189 189 189 189 189 189 189 189 190 190 190 190 190 190 190

I did the usual echo, etc., into 6lu7_near_the_binding_site.txt 


To check that I have no common residues and that the total number of residues is correct:

lachele@pop-os:~/Research/SARS-CoV-2/7_MD_Input_Files$ comm -1 -2 bind_sort.txt near_sort.txt 
lachele@pop-os:~/Research/SARS-CoV-2/7_MD_Input_Files$ comm -1 -2 bind_sort.txt far_sort.txt 
lachele@pop-os:~/Research/SARS-CoV-2/7_MD_Input_Files$ comm -1 -2 near_sort.txt far_sort.txt 
lachele@pop-os:~/Research/SARS-CoV-2/7_MD_Input_Files$ wc 6lu7_binding_region_residues_minus-1.txt 6lu7_near_the_binding_site.txt 6lu7_far_from_binding_region_residues_minus-1.txt
 55  55 201 6lu7_binding_region_residues_minus-1.txt
 77  77 272 6lu7_near_the_binding_site.txt
 59  59 183 6lu7_far_from_binding_region_residues_minus-1.txt
191 191 656 total

....there should be 192 residues, but the ligand is the last one and is not in 
these files.

Then, to check the continuity of the residue numbers

lachele@pop-os:~/Research/SARS-CoV-2/7_MD_Input_Files$ cat bind_sort.txt near_sort.txt far_sort.txt | sort -n > all_res
lachele@pop-os:~/Research/SARS-CoV-2/7_MD_Input_Files$ head -2 all_res 
1
2
lachele@pop-os:~/Research/SARS-CoV-2/7_MD_Input_Files$ tail -2 all_res 
190
191
lachele@pop-os:~/Research/SARS-CoV-2/7_MD_Input_Files$ wc all_res 
191 191 656 all_res


So.... my selections are probably sane.

I moved all those files into a subdirectory called "selections_6lu7".

Once the ligand gets moved to the end, those numbers will be the correct ones 
and will not be 'off' by one as a residue mask.  

So, I'll rearrange the file.  

But, I should remember this for other binding sites.





I just rearranged the file so that the ligand comes last.   I also used my new scripts
to do it.  I renamed the atoms in the ligand file by hand.  



I got two minimizations to happen.  Yay.  The ligand barely moved, so my 
initial placement wasn't terrible.  

Stopping here for today.  Tomorrow, MD and then I make an automated and 
repeatable workflow.


10:25 AM 

Meeting ended early, so started work on MD.  


11:44 PM

While I slept, I ran a little simulation, in serial, using sander (not fast).  
I just had to see what would happen.  It's only a ns of simulated time, but 
the lavender component stayed put.  There are no guarantees it will continue
to do so, but... hey... at least it didn't just pop out and float off.

