Run semi-empirical minimization
 &qmmm
    qm_theory='AM1', grms_tol=0.0005,
 scfconv=1.d-10, ndiis_attempts=700,   qmcharge=0,
 /
   6     C       -4.3460       -3.2660        0.0560 
   6    C1       -5.6530       -4.0210        0.0560 
   8     O       -3.3000       -3.8700        0.0560 
   8    O1       -4.3460       -1.9280        0.0560 
   6    C2       -3.0270       -1.4510        0.0560 
   6    C3       -3.0380        0.0720        0.0560 
   6    C4       -3.7470        0.5670        1.2780 
   6    C5       -3.8780        1.8810        1.4890 
   6    C6       -4.3100       -0.4090        2.2640 
   6    C7       -1.6060        0.5890        0.0570 
   6    C8       -1.3740        1.4230       -1.1650 
   6    C9       -0.1790        1.9830       -1.3750 
   6   C10        0.0520        2.8170       -2.5970 
   6   C11        0.9280        1.7780       -0.3890 
   1     H       -5.4500       -5.1150        0.0560 
   1    H1       -6.2360       -3.7520        0.9650 
   1    H2       -6.2360       -3.7520       -0.8530 
   1    H3       -2.5010       -1.8170       -0.8530 
   1    H4       -2.5000       -1.8180        0.9650 
   1    H5       -3.5650        0.4390       -0.8530 
   1    H6       -4.3990        2.2440        2.3870 
   1    H7       -3.4650        2.5980        0.7650 
   1    H8       -4.1030       -1.4470        1.9180 
   1    H9       -3.8340       -0.2480        3.2570 
   1   H10       -5.4090       -0.2590        2.3490 
   1   H11       -1.4360        1.2090        0.9660 
   1   H12       -0.9010       -0.2720        0.0570 
   1   H13       -2.1880        1.5730       -1.8900 
   1   H14       -0.8800        2.8520       -3.2040 
   1   H15        0.3360        3.8490       -2.2930 
   1   H16        0.8720        2.3680       -3.2020 
   1   H17        0.5680        1.1360        0.4460 
   1   H18        1.7870        1.2820       -0.8940 
   1   H19        1.2530        2.7630        0.0150 

